kernel line : count latency dram_traffic smem_bk_conflicts smem_warp gmem_access_generated gmem_warp exposed_latency warp_divergence
_1.ptx 1889 : 256 564 0 0 0 0 0 0 19 
_1.ptx 1888 : 256 1855 0 0 0 0 0 0 0 
_1.ptx 1886 : 256 2560 0 0 0 0 0 0 0 
_1.ptx 1885 : 256 2569 0 0 0 0 0 0 0 
_1.ptx 1884 : 256 2361 0 0 0 0 0 0 0 
_1.ptx 1883 : 256 2048 0 0 0 0 0 0 0 
_1.ptx 1882 : 256 2048 0 0 0 0 0 0 0 
_1.ptx 1881 : 256 2058 0 0 0 0 0 0 0 
_1.ptx 1880 : 256 2048 0 0 0 0 0 0 0 
_1.ptx 1879 : 256 5937 0 0 0 0 0 0 0 
_1.ptx 1878 : 256 2773 0 0 0 0 0 0 0 
_1.ptx 1876 : 256 2816 0 0 0 0 0 0 0 
_1.ptx 1875 : 256 2566 0 0 0 0 0 0 0 
_1.ptx 1874 : 256 2560 0 0 0 0 0 0 0 
_1.ptx 1871 : 162 1782 0 0 0 0 0 0 0 
_1.ptx 1870 : 162 1632 0 0 0 0 0 0 0 
_1.ptx 1852 : 997 8103 0 0 0 0 0 0 0 
_1.ptx 1845 : 997 22049 0 0 0 0 0 0 0 
_1.ptx 1843 : 997 9023 0 0 0 0 0 0 0 
_1.ptx 1841 : 997 11708 0 0 0 0 0 0 0 
_1.ptx 1834 : 997 7747 0 0 0 0 0 0 0 
_1.ptx 1832 : 997 11419 0 0 0 0 0 0 0 
_1.ptx 1831 : 997 9195 0 0 0 0 0 0 0 
_1.ptx 1828 : 997 11259 0 0 0 0 0 0 0 
_1.ptx 1824 : 814 4100 0 0 0 0 0 0 0 
_1.ptx 1815 : 814 8993 0 0 0 0 0 0 0 
_1.ptx 1754 : 814 6513 0 0 0 0 0 0 0 
_1.ptx 1753 : 814 5698 0 0 0 0 0 0 0 
_1.ptx 1751 : 814 5823 0 0 0 0 0 0 0 
_1.ptx 1749 : 814 5779 0 0 0 0 0 0 0 
_1.ptx 1745 : 814 7355 0 0 0 0 0 0 0 
_1.ptx 1740 : 814 4915 0 0 0 0 0 0 0 
_1.ptx 1739 : 814 6676 0 0 0 0 0 0 0 
_1.ptx 1737 : 814 7331 0 0 0 0 0 0 0 
_1.ptx 1736 : 814 5782 0 0 0 0 0 0 0 
_1.ptx 1734 : 814 6618 0 0 0 0 0 0 0 
_1.ptx 1733 : 814 5698 0 0 0 0 0 0 0 
_1.ptx 1731 : 814 8983 0 0 0 0 0 0 0 
_1.ptx 1729 : 814 33284 0 0 0 0 0 0 0 
_1.ptx 1727 : 814 8140 0 0 0 0 0 0 0 
_1.ptx 1725 : 814 18862 0 0 0 0 0 0 0 
_1.ptx 1723 : 814 8140 0 0 0 0 0 0 0 
_1.ptx 1721 : 814 7326 0 0 0 0 0 0 0 
_1.ptx 1719 : 814 4884 0 0 0 0 0 0 0 
_1.ptx 1718 : 814 7424 0 0 0 0 0 0 0 
_1.ptx 1716 : 814 5041 0 0 0 0 0 0 0 
_1.ptx 1715 : 814 5797 0 0 0 0 0 0 0 
_1.ptx 1713 : 814 8716 0 0 0 0 0 0 0 
_1.ptx 1711 : 814 7463 0 0 0 0 0 0 0 
_1.ptx 1710 : 814 7407 0 0 0 0 0 0 0 
_1.ptx 1709 : 814 8954 0 0 0 0 0 0 0 
_1.ptx 1705 : 814 8140 0 0 0 0 0 0 0 
_1.ptx 1699 : 814 8954 0 0 0 0 0 0 0 
_1.ptx 1697 : 814 5698 0 0 0 0 0 0 0 
_1.ptx 1691 : 814 7326 0 0 0 0 0 0 0 
_1.ptx 1687 : 814 5698 0 0 0 0 0 0 0 
_1.ptx 1685 : 814 8954 0 0 0 0 0 0 0 
_1.ptx 1675 : 814 8954 0 0 0 0 0 0 0 
_1.ptx 1672 : 814 8986 0 0 0 0 0 0 0 
_1.ptx 1670 : 814 8959 0 0 0 0 0 0 0 
_1.ptx 1668 : 814 8954 0 0 0 0 0 0 0 
_1.ptx 1655 : 814 8972 0 0 0 0 0 0 0 
_1.ptx 1653 : 814 8995 0 0 0 0 0 0 0 
_1.ptx 1648 : 814 8954 0 0 0 0 0 0 0 
_1.ptx 1642 : 814 7384 0 0 0 0 0 0 0 
_1.ptx 1638 : 814 6674 0 0 0 0 0 0 0 
_1.ptx 1636 : 814 9172 0 0 0 0 0 0 0 
_1.ptx 1631 : 814 5703 0 0 0 0 0 0 0 
_1.ptx 1629 : 814 5784 0 0 0 0 0 0 0 
_1.ptx 1591 : 814 5698 0 0 0 0 0 0 0 
_1.ptx 1588 : 814 5698 0 0 0 0 0 0 0 
_1.ptx 1581 : 814 5698 0 0 0 0 0 0 0 
_1.ptx 1579 : 814 5730 0 0 0 0 0 0 0 
_1.ptx 1576 : 814 8185 0 0 0 0 0 0 0 
_1.ptx 1574 : 814 5698 0 0 0 0 0 0 0 
_1.ptx 1570 : 814 5698 0 0 0 0 0 0 0 
_1.ptx 1559 : 814 4904 0 0 0 0 0 0 0 
_1.ptx 1549 : 814 0 0 0 0 0 0 0 0 
_1.ptx 1544 : 814 5701 0 0 0 0 0 0 0 
_1.ptx 1531 : 814 6512 0 0 0 0 0 0 0 
_1.ptx 1528 : 814 0 0 0 0 0 0 0 0 
_1.ptx 1522 : 814 0 0 0 0 0 0 0 0 
_1.ptx 1520 : 814 6531 0 0 0 0 0 0 0 
_1.ptx 1519 : 814 5700 0 0 0 0 0 0 0 
_1.ptx 1516 : 814 0 0 0 0 0 0 0 0 
_1.ptx 1515 : 814 5794 0 0 0 0 0 0 0 
_1.ptx 1513 : 814 16280 0 0 0 0 0 0 0 
_1.ptx 1511 : 814 16550 0 0 0 0 0 0 0 
_1.ptx 1509 : 814 7331 0 0 0 0 0 0 0 
_1.ptx 1508 : 814 7388 0 0 0 0 0 0 0 
_1.ptx 1507 : 814 9017 0 0 0 0 0 0 0 
_1.ptx 1505 : 814 4830 0 0 0 0 0 0 0 
_1.ptx 1504 : 814 7326 0 0 0 0 0 0 0 
_1.ptx 1503 : 814 222161 7424 0 0 0 0 0 0 
_1.ptx 1502 : 814 4075 0 0 0 0 0 0 0 
_1.ptx 1501 : 814 7326 0 0 0 0 0 0 0 
_1.ptx 1500 : 814 217487 7424 0 0 0 0 0 0 
_1.ptx 1499 : 814 4079 0 0 0 0 0 0 0 
_1.ptx 1498 : 814 7326 0 0 0 0 0 0 0 
_1.ptx 1497 : 814 228473 7424 0 0 0 0 0 0 
_1.ptx 1496 : 814 4070 0 0 0 0 0 0 0 
_1.ptx 1495 : 814 7331 0 0 0 0 0 0 0 
_1.ptx 1494 : 814 125190 0 0 0 0 0 0 0 
_1.ptx 1492 : 814 8954 0 0 0 0 0 0 0 
_1.ptx 1491 : 814 12322 0 0 0 0 0 0 0 
_1.ptx 1490 : 814 9572 0 0 0 0 0 0 0 
_1.ptx 1489 : 814 9767 0 0 0 0 0 0 0 
_1.ptx 1488 : 814 9735 0 0 0 0 0 0 0 
_1.ptx 1487 : 814 9053 0 0 0 0 0 0 0 
_1.ptx 1485 : 814 16589 0 0 0 0 0 0 0 
_1.ptx 1483 : 814 8975 0 0 0 0 0 0 0 
_1.ptx 1482 : 814 8972 0 0 0 0 0 0 0 
_1.ptx 1481 : 814 8961 0 0 0 0 0 0 0 
_1.ptx 1479 : 814 12259 0 0 0 0 0 0 0 
_1.ptx 1477 : 814 7327 0 0 0 0 0 0 0 
_1.ptx 1476 : 814 9084 0 0 0 0 0 0 0 
_1.ptx 1475 : 814 7414 0 0 0 0 0 0 0 
_1.ptx 1474 : 814 9158 0 0 0 0 0 0 0 
_1.ptx 1473 : 814 9038 0 0 0 0 0 0 0 
_1.ptx 1472 : 814 9028 0 0 0 0 0 0 0 
_1.ptx 1469 : 910 584 0 0 0 0 0 0 21 
_1.ptx 1468 : 910 6412 0 0 0 0 0 0 0 
_1.ptx 1447 : 96 0 0 0 0 0 0 0 0 
_1.ptx 1446 : 96 780 0 0 0 0 0 0 0 
_1.ptx 1445 : 96 881 0 0 0 0 0 0 0 
_1.ptx 1444 : 96 864 0 0 0 0 0 0 0 
_1.ptx 1443 : 96 1065 0 0 0 0 0 0 0 
_1.ptx 1442 : 96 864 0 0 0 0 0 0 0 
_1.ptx 1441 : 96 877 0 0 0 0 0 0 0 
_1.ptx 1440 : 96 876 0 0 0 0 0 0 0 
_1.ptx 1429 : 96 584 0 0 0 0 0 0 0 
_1.ptx 1428 : 96 1103 0 0 0 0 0 0 0 
_1.ptx 1427 : 96 881 0 0 0 0 0 0 0 
_1.ptx 1426 : 96 698 0 0 0 0 0 0 0 
_1.ptx 1425 : 96 1471 0 0 0 0 0 0 0 
_1.ptx 1423 : 96 1056 0 0 0 0 0 0 0 
_1.ptx 1420 : 1826 10400 0 0 0 0 0 0 26 
_1.ptx 1419 : 1826 14722 0 0 0 0 0 0 0 
_1.ptx 1417 : 1826 16498 0 0 0 0 0 0 0 
_1.ptx 1432 : 2531 15235 0 0 0 0 0 0 0 
_1.ptx 1416 : 1826 13014 0 0 0 0 0 0 0 
_1.ptx 1413 : 2627 4835 0 0 0 0 0 0 66 
_1.ptx 1411 : 2627 21206 0 0 0 0 0 0 0 
_1.ptx 1410 : 2627 21211 0 0 0 0 0 0 0 
_1.ptx 1408 : 2627 29278 0 0 0 0 0 0 0 
_1.ptx 1406 : 2627 18488 0 0 0 0 0 0 0 
_1.ptx 1404 : 2627 23979 0 0 0 0 0 0 0 
_1.ptx 1403 : 2627 23875 0 0 0 0 0 0 0 
_1.ptx 1402 : 2627 29412 0 0 0 0 0 0 0 
_1.ptx 1401 : 2627 23805 0 0 0 0 0 0 0 
_1.ptx 1399 : 2627 30272 0 0 0 0 0 0 0 
_1.ptx 1114 : 2016 16178 0 0 0 0 0 0 0 
_1.ptx 1932 : 1024 11264 0 0 0 0 0 0 0 
_1.ptx 1103 : 79 1552 0 0 0 0 0 0 0 
_1.ptx 1915 : 1024 7168 0 0 0 0 0 0 0 
_1.ptx 1913 : 1024 10272 0 0 0 0 0 0 0 
_1.ptx 1091 : 2016 3475 0 0 0 0 0 0 33 
_1.ptx 1912 : 1024 7168 0 0 0 0 0 0 0 
_1.ptx 1089 : 2016 16173 0 0 0 0 0 0 0 
_1.ptx 1088 : 2016 16275 0 0 0 0 0 0 0 
_1.ptx 1086 : 2016 22176 0 0 0 0 0 0 0 
_1.ptx 1081 : 2016 18176 0 0 0 0 0 0 0 
_1.ptx 1899 : 1024 7232 0 0 0 0 0 0 0 
_1.ptx 1079 : 2016 18336 0 0 0 0 0 0 0 
_1.ptx 1077 : 2016 22970 0 0 0 0 0 0 0 
_1.ptx 1075 : 2016 18144 0 0 0 0 0 0 0 
_1.ptx 1893 : 1024 43264 0 0 0 0 0 0 0 
_1.ptx 1837 : 997 9005 0 0 0 0 0 0 0 
_1.ptx 1014 : 79 711 0 0 0 0 0 0 0 
_1.ptx 1849 : 997 11256 0 0 0 0 0 0 0 
_1.ptx 1026 : 2016 18285 0 0 0 0 0 0 0 
_1.ptx 1435 : 3537 24767 0 0 0 0 0 0 0 
_1.ptx 1835 : 997 8992 0 0 0 0 0 0 0 
_1.ptx 1012 : 79 1725 0 0 0 0 0 0 0 
_1.ptx 1847 : 997 11081 0 0 0 0 0 0 0 
_1.ptx 1024 : 2016 14401 0 0 0 0 0 0 0 
_1.ptx 1830 : 997 8973 0 0 0 0 0 0 0 
_1.ptx 1007 : 1441 8180 0 0 0 0 0 0 13 
_1.ptx 1821 : 814 4070 0 0 0 0 0 0 0 
_1.ptx 998 : 2016 16128 0 0 0 0 0 0 0 
_1.ptx 942 : 2016 12364 0 0 0 0 0 0 0 
_1.ptx 941 : 2016 14556 0 0 0 0 0 0 0 
_1.ptx 1350 : 3537 13149 0 0 0 0 0 0 0 
_1.ptx 939 : 2016 22512 0 0 0 0 0 0 0 
_1.ptx 1348 : 3537 14250 0 0 0 0 0 0 0 
_1.ptx 937 : 2016 6048 0 0 0 0 0 0 0 
_1.ptx 935 : 2016 16128 0 0 0 0 0 0 0 
_1.ptx 1344 : 3537 24860 0 0 0 0 0 0 0 
_1.ptx 1907 : 1024 7232 0 0 0 0 0 0 0 
_1.ptx 1084 : 2016 15089 0 0 0 0 0 0 0 
_1.ptx 885 : 2016 12096 0 0 0 0 0 0 0 
_1.ptx 1294 : 997 7012 0 0 0 0 0 0 0 
_1.ptx 1707 : 814 5698 0 0 0 0 0 0 0 
_1.ptx 884 : 2016 16128 0 0 0 0 0 0 0 
_1.ptx 1293 : 997 7076 0 0 0 0 0 0 0 
_1.ptx 883 : 2016 14112 0 0 0 0 0 0 0 
_1.ptx 1704 : 814 5706 0 0 0 0 0 0 0 
_1.ptx 881 : 2016 98953 0 0 0 0 0 0 0 
_1.ptx 1290 : 299 3300 0 0 0 0 0 0 0 
_1.ptx 1702 : 814 6015 0 0 0 0 0 0 0 
_1.ptx 879 : 2016 14113 0 0 0 0 0 0 0 
_1.ptx 1288 : 299 3289 0 0 0 0 0 0 0 
_1.ptx 1700 : 814 8954 0 0 0 0 0 0 0 
_1.ptx 877 : 2016 18144 0 0 0 0 0 0 0 
_1.ptx 1286 : 299 6441 0 0 0 0 0 0 0 
_1.ptx 1897 : 1024 7168 0 0 0 0 0 0 0 
_1.ptx 1074 : 2016 22303 0 0 0 0 0 0 0 
_1.ptx 875 : 2016 23078 0 0 0 0 0 0 0 
_1.ptx 1284 : 299 2721 0 0 0 0 0 0 0 
_1.ptx 1895 : 1024 7168 0 0 0 0 0 0 0 
_1.ptx 1072 : 2016 22481 0 0 0 0 0 0 0 
_1.ptx 873 : 2016 18195 0 0 0 0 0 0 0 
_1.ptx 1282 : 299 2691 0 0 0 0 0 0 0 
_1.ptx 1071 : 2016 22741 0 0 0 0 0 0 0 
_1.ptx 1695 : 814 8954 0 0 0 0 0 0 0 
_1.ptx 872 : 2016 22176 0 0 0 0 0 0 0 
_1.ptx 1281 : 299 3357 0 0 0 0 0 0 0 
_1.ptx 1693 : 814 7326 0 0 0 0 0 0 0 
_1.ptx 870 : 2016 22176 0 0 0 0 0 0 0 
_1.ptx 1279 : 299 3305 0 0 0 0 0 0 0 
_1.ptx 869 : 2016 22304 0 0 0 0 0 0 0 
_1.ptx 1689 : 814 7326 0 0 0 0 0 0 0 
_1.ptx 866 : 2016 0 0 0 0 0 0 0 0 
_1.ptx 1275 : 698 4365 0 0 0 0 0 0 0 
_1.ptx 865 : 2016 14336 0 0 0 0 0 0 0 
_1.ptx 1274 : 698 5036 0 0 0 0 0 0 0 
_1.ptx 863 : 2016 14720 0 0 0 0 0 0 0 
_1.ptx 1272 : 698 7148 0 0 0 0 0 0 0 
_1.ptx 861 : 2016 18647 0 0 0 0 0 0 0 
_1.ptx 1270 : 698 13006 0 0 0 0 0 0 0 
_1.ptx 1683 : 814 6537 0 0 0 0 0 0 0 
_1.ptx 860 : 2016 18208 0 0 0 0 0 0 0 
_1.ptx 1682 : 814 5795 0 0 0 0 0 0 0 
_1.ptx 859 : 2016 22400 0 0 0 0 0 0 0 
_1.ptx 1680 : 814 9085 0 0 0 0 0 0 0 
_1.ptx 857 : 2016 20504 0 0 0 0 0 0 0 
_1.ptx 1266 : 997 7312 0 0 0 0 0 0 0 
_1.ptx 1679 : 814 8954 0 0 0 0 0 0 0 
_1.ptx 856 : 2016 20893 0 0 0 0 0 0 0 
_1.ptx 1677 : 814 8954 0 0 0 0 0 0 0 
_1.ptx 854 : 2016 39312 0 0 0 0 0 0 0 
_1.ptx 1263 : 997 11010 0 0 0 0 0 0 0 
_1.ptx 1674 : 814 8954 0 0 0 0 0 0 0 
_1.ptx 851 : 2016 0 0 0 0 0 0 0 0 
_1.ptx 1260 : 997 22675 0 0 0 0 0 0 0 
_1.ptx 1673 : 814 8955 0 0 0 0 0 0 0 
_1.ptx 850 : 2016 14565 0 0 0 0 0 0 0 
_1.ptx 848 : 2016 22258 0 0 0 0 0 0 0 
_1.ptx 1257 : 997 8973 0 0 0 0 0 0 0 
_1.ptx 846 : 2016 6496 0 0 0 0 0 0 0 
_1.ptx 1255 : 997 11004 0 0 0 0 0 0 0 
_1.ptx 1666 : 814 4980 0 0 0 0 0 0 0 
_1.ptx 843 : 1024 7360 0 0 0 0 0 0 0 
_1.ptx 1252 : 997 11144 0 0 0 0 0 0 0 
_1.ptx 1665 : 814 9105 0 0 0 0 0 0 0 
_1.ptx 842 : 1024 255296 0 0 0 0 0 0 0 
_1.ptx 1251 : 997 11030 0 0 0 0 0 0 0 
_1.ptx 841 : 1024 70528 0 0 0 0 0 0 0 
_1.ptx 1250 : 997 11007 0 0 0 0 0 0 0 
_1.ptx 1663 : 814 5527 0 0 0 0 0 0 0 
_1.ptx 840 : 1024 327136 128 0 0 0 0 0 0 
_1.ptx 1662 : 814 5954 0 0 0 0 0 0 0 
_1.ptx 839 : 1024 138816 0 0 0 0 0 0 0 
_1.ptx 1248 : 997 22079 0 0 0 0 0 0 0 
_1.ptx 838 : 1024 139328 0 0 0 0 0 0 0 
_1.ptx 1660 : 814 9086 0 0 0 0 0 0 0 
_1.ptx 837 : 1024 138752 0 0 0 0 0 0 0 
_1.ptx 1246 : 997 8986 0 0 0 0 0 0 0 
_1.ptx 1659 : 814 8954 0 0 0 0 0 0 0 
_1.ptx 836 : 1024 138752 0 0 0 0 0 0 0 
_1.ptx 1245 : 997 8974 0 0 0 0 0 0 0 
_1.ptx 835 : 1024 142464 0 0 0 0 0 0 0 
_1.ptx 1244 : 997 11066 0 0 0 0 0 0 0 
_1.ptx 1033 : 2016 12096 0 0 0 0 0 0 0 
_1.ptx 1657 : 814 8954 0 0 0 0 0 0 0 
_1.ptx 834 : 1024 206208 0 0 0 0 0 0 0 
_1.ptx 1243 : 997 11381 0 0 0 0 0 0 0 
_1.ptx 1586 : 814 5698 0 0 0 0 0 0 0 
_1.ptx 763 : 1024 26624 0 0 0 0 0 0 0 
_1.ptx 1172 : 2016 18144 0 0 0 0 0 0 0 
_1.ptx 1583 : 814 7492 0 0 0 0 0 0 0 
_1.ptx 760 : 1024 330784 0 0 0 0 0 0 0 
_1.ptx 757 : 1024 47456 0 0 0 0 0 0 0 
_1.ptx 1166 : 2016 18144 0 0 0 0 0 0 0 
_1.ptx 1578 : 814 5698 0 0 0 0 0 0 0 
_1.ptx 755 : 1024 6144 0 0 0 0 0 0 0 
_1.ptx 752 : 1024 20480 0 0 0 0 0 0 0 
_1.ptx 1569 : 814 5698 0 0 0 0 0 0 0 
_1.ptx 746 : 1024 6144 0 0 0 0 0 0 0 
_1.ptx 745 : 1024 11264 0 0 0 0 0 0 0 
_1.ptx 744 : 1024 11008 0 0 0 0 0 0 0 
_1.ptx 936 : 2016 16325 0 0 0 0 0 0 0 
_1.ptx 1345 : 3537 42596 0 0 0 0 0 0 0 
_1.ptx 737 : 1024 6144 0 0 0 0 0 0 0 
_1.ptx 1757 : 814 4927 0 0 0 0 0 0 0 
_1.ptx 934 : 2016 16361 0 0 0 0 0 0 0 
_1.ptx 1558 : 814 5698 0 0 0 0 0 0 0 
_1.ptx 735 : 1024 8192 0 0 0 0 0 0 0 
_1.ptx 1756 : 814 5727 0 0 0 0 0 0 0 
_1.ptx 933 : 2016 14112 0 0 0 0 0 0 0 
_1.ptx 1557 : 814 5810 0 0 0 0 0 0 0 
_1.ptx 734 : 1024 8192 0 0 0 0 0 0 0 
_1.ptx 1853 : 997 8058 0 0 0 0 0 0 0 
_1.ptx 1030 : 2016 22312 0 0 0 0 0 0 0 
_1.ptx 1654 : 814 8954 0 0 0 0 0 0 0 
_1.ptx 831 : 1024 7552 0 0 0 0 0 0 0 
_1.ptx 1755 : 814 7326 0 0 0 0 0 0 0 
_1.ptx 932 : 2016 14112 0 0 0 0 0 0 0 
_1.ptx 733 : 1024 8192 0 0 0 0 0 0 0 
_1.ptx 1554 : 814 0 0 0 0 0 0 0 0 
_1.ptx 731 : 1024 13632 4096 0 0 0 0 0 0 
_1.ptx 1027 : 2016 16848 0 0 0 0 0 0 0 
_1.ptx 1651 : 814 9010 0 0 0 0 0 0 0 
_1.ptx 828 : 1024 10752 0 0 0 0 0 0 0 
_1.ptx 1237 : 997 8983 0 0 0 0 0 0 0 
_1.ptx 1553 : 814 6544 0 0 0 0 0 0 0 
_1.ptx 730 : 1024 11776 4096 0 0 0 0 0 0 
_1.ptx 1532 : 814 0 0 0 0 0 0 0 0 
_1.ptx 709 : 1024 8192 0 0 0 0 0 0 0 
_1.ptx 1118 : 2016 17348 0 0 0 0 0 0 0 
_1.ptx 1936 : 1024 6400 0 0 0 64 32 0 0 
_1.ptx 754 : 1024 7168 0 0 0 0 0 0 0 
_1.ptx 1163 : 2016 22249 0 0 0 0 0 0 0 
_1.ptx 1923 : 1024 8224 0 0 0 0 0 0 0 
_1.ptx 707 : 1024 6400 0 0 0 0 0 0 0 
_1.ptx 1116 : 2016 16224 0 0 0 0 0 0 0 
_1.ptx 1934 : 1024 171424 0 0 0 64 32 0 0 
_1.ptx 1003 : 1441 10123 0 0 0 0 0 0 0 
_1.ptx 1627 : 814 5771 0 0 0 0 0 0 0 
_1.ptx 804 : 1024 7168 0 0 0 0 0 0 0 
_1.ptx 1213 : 2016 16269 0 0 0 0 0 0 0 
_1.ptx 1922 : 1024 8224 0 0 0 0 0 0 0 
_1.ptx 706 : 1024 6400 0 0 0 0 0 0 0 
_1.ptx 1552 : 814 5698 0 0 0 0 0 0 0 
_1.ptx 729 : 1024 10752 4096 0 0 0 0 0 0 
_1.ptx 1848 : 997 11063 0 0 0 0 0 0 0 
_1.ptx 1025 : 2016 16267 0 0 0 0 0 0 0 
_1.ptx 1649 : 814 9127 0 0 0 0 0 0 0 
_1.ptx 826 : 1024 7424 0 0 0 0 0 0 0 
_1.ptx 704 : 1024 7168 0 0 0 0 0 0 0 
_1.ptx 1931 : 1024 10624 0 0 0 0 0 0 0 
_1.ptx 1823 : 814 6512 0 0 0 0 0 0 0 
_1.ptx 1000 : 2016 3453 0 0 0 0 0 0 34 
_1.ptx 801 : 1024 11264 0 0 0 0 0 0 0 
_1.ptx 727 : 1024 8896 4096 0 0 0 0 0 0 
_1.ptx 1023 : 2016 16192 0 0 0 0 0 0 0 
_1.ptx 824 : 1024 7168 0 0 0 0 0 0 0 
_1.ptx 750 : 1024 5376 0 0 0 0 0 0 0 
_1.ptx 1924 : 1024 8192 0 0 0 0 0 0 0 
_1.ptx 1101 : 79 869 0 0 0 0 0 0 0 
_1.ptx 1526 : 814 6512 0 0 0 0 0 0 0 
_1.ptx 703 : 1024 279040 0 0 0 0 0 0 0 
_1.ptx 1623 : 814 5698 0 0 0 0 0 0 0 
_1.ptx 800 : 1024 11264 0 0 0 0 0 0 0 
_1.ptx 1209 : 2016 16989 0 0 0 0 0 0 0 
_1.ptx 1572 : 814 5698 0 0 0 0 0 0 0 
_1.ptx 749 : 1024 5280 0 0 0 0 0 0 0 
_1.ptx 1525 : 814 5698 0 0 0 0 0 0 0 
_1.ptx 702 : 1024 279040 0 0 0 0 0 0 0 
_1.ptx 1106 : 79 873 0 0 0 0 0 0 0 
_1.ptx 1929 : 1024 7456 0 0 0 0 0 0 0 
_1.ptx 1548 : 814 5698 0 0 0 0 0 0 0 
_1.ptx 725 : 1024 6656 0 0 0 0 0 0 0 
_1.ptx 1582 : 814 8561 0 0 0 0 0 0 0 
_1.ptx 759 : 1024 330560 128 0 0 0 0 0 0 
_1.ptx 1168 : 2016 22176 0 0 0 0 0 0 0 
_1.ptx 1110 : 1937 11624 0 0 0 0 0 0 0 
_1.ptx 701 : 1024 278528 128 0 0 0 0 0 0 
_1.ptx 1105 : 79 711 0 0 0 0 0 0 0 
_1.ptx 1928 : 1024 3072 0 0 0 0 0 0 0 
_1.ptx 1535 : 814 6519 0 0 0 0 0 0 0 
_1.ptx 712 : 1024 11776 0 0 0 0 0 0 0 
_1.ptx 1121 : 2016 22272 0 0 0 0 0 0 0 
_1.ptx 809 : 1024 10240 0 0 0 0 0 0 0 
_1.ptx 748 : 1024 6688 4096 0 0 64 32 0 0 
_1.ptx 1820 : 814 6512 0 0 0 0 0 0 0 
_1.ptx 997 : 2016 16192 0 0 0 0 0 0 0 
_1.ptx 1621 : 814 6517 0 0 0 0 0 0 0 
_1.ptx 798 : 1024 25088 0 0 0 0 0 0 0 
_1.ptx 1207 : 2016 16328 0 0 0 0 0 0 0 
_1.ptx 724 : 1024 6144 0 0 0 0 0 0 0 
_1.ptx 1644 : 814 8979 0 0 0 0 0 0 0 
_1.ptx 821 : 1024 8192 0 0 0 0 0 0 0 
_1.ptx 1230 : 997 7054 0 0 0 0 0 0 0 
_1.ptx 711 : 1024 6144 0 0 0 0 0 0 0 
_1.ptx 1115 : 2016 14229 0 0 0 0 0 0 0 
_1.ptx 1938 : 1024 6144 0 0 0 0 0 0 0 
_1.ptx 1098 : 1437 8185 0 0 0 0 0 0 13 
_1.ptx 700 : 1024 6144 0 0 0 0 0 0 0 
_1.ptx 1104 : 79 584 0 0 0 0 0 0 0 
_1.ptx 1927 : 1024 13856 0 0 0 0 0 0 0 
_1.ptx 1546 : 814 5704 0 0 0 0 0 0 0 
_1.ptx 723 : 1024 9216 0 0 0 0 0 0 0 
_1.ptx 1842 : 997 8973 0 0 0 0 0 0 0 
_1.ptx 1019 : 1937 11622 0 0 0 0 0 0 0 
_1.ptx 820 : 1024 7168 0 0 0 0 0 0 0 
_1.ptx 1229 : 997 6860 0 0 0 0 0 0 0 
_1.ptx 1584 : 814 7345 0 0 0 0 0 0 0 
_1.ptx 761 : 1024 28800 0 0 0 0 0 0 0 
_1.ptx 1170 : 2016 18176 0 0 0 0 0 0 0 
_1.ptx 1537 : 814 0 0 0 0 0 0 0 0 
_1.ptx 714 : 1024 6656 0 0 0 0 0 0 0 
_1.ptx 1123 : 2016 14655 0 0 0 0 0 0 0 
_1.ptx 1833 : 997 11668 0 0 0 0 0 0 0 
_1.ptx 1010 : 79 869 0 0 0 0 0 0 0 
_1.ptx 1634 : 814 9395 0 0 0 0 0 0 0 
_1.ptx 811 : 1024 8960 0 0 0 0 0 0 0 
_1.ptx 762 : 1024 28800 0 0 0 0 0 0 0 
_1.ptx 1171 : 2016 22537 0 0 0 0 0 0 0 
_1.ptx 715 : 1024 6144 0 0 0 0 0 0 0 
_1.ptx 1124 : 2016 12096 0 0 0 0 0 0 0 
_1.ptx 812 : 1024 6400 0 0 0 0 0 0 0 
_1.ptx 1221 : 997 7479 0 0 0 0 0 0 0 
_1.ptx 764 : 1024 26624 0 0 0 0 0 0 0 
_1.ptx 1173 : 2016 18432 0 0 0 0 0 0 0 
_1.ptx 1540 : 814 5708 0 0 0 0 0 0 0 
_1.ptx 717 : 1024 8448 0 0 0 0 0 0 0 
_1.ptx 1836 : 997 6982 0 0 0 0 0 0 0 
_1.ptx 1013 : 79 579 0 0 0 0 0 0 0 
_1.ptx 814 : 1024 7168 0 0 0 0 0 0 0 
_1.ptx 1223 : 997 11996 0 0 0 0 0 0 0 
_1.ptx 1589 : 814 5698 0 0 0 0 0 0 0 
_1.ptx 766 : 1024 7520 0 0 0 0 0 0 0 
_1.ptx 1175 : 2016 15187 0 0 0 0 0 0 0 
_1.ptx 1542 : 814 5707 0 0 0 0 0 0 0 
_1.ptx 719 : 1024 6144 0 0 0 0 0 0 0 
_1.ptx 1838 : 997 6979 0 0 0 0 0 0 0 
_1.ptx 1015 : 79 869 0 0 0 0 0 0 0 
_1.ptx 816 : 1024 7168 0 0 0 0 0 0 0 
_1.ptx 1225 : 997 5775 0 0 0 0 0 0 0 
_1.ptx 767 : 1024 6144 0 0 0 0 0 0 0 
_1.ptx 720 : 1024 11264 0 0 0 0 0 0 0 
_1.ptx 1839 : 997 9130 0 0 0 0 0 0 0 
_1.ptx 1016 : 79 474 0 0 0 0 0 0 0 
_1.ptx 1640 : 814 7410 0 0 0 0 0 0 0 
_1.ptx 817 : 1024 6400 0 0 0 0 0 0 0 
_1.ptx 1226 : 997 6564 0 0 0 0 0 0 0 
_1.ptx 722 : 1024 13504 0 0 0 0 0 0 0 
_1.ptx 728 : 1024 9792 4096 0 0 0 0 0 0 
_1.ptx 769 : 1024 7680 0 0 0 0 0 0 0 
_1.ptx 1593 : 814 5698 0 0 0 0 0 0 0 
_1.ptx 770 : 1024 8096 0 0 0 0 0 0 0 
_1.ptx 1179 : 2016 16359 0 0 0 0 0 0 0 
_1.ptx 771 : 1024 9504 0 0 0 0 0 0 0 
_1.ptx 1180 : 2016 16128 0 0 0 0 0 0 0 
_1.ptx 1595 : 814 8140 0 0 0 0 0 0 0 
_1.ptx 772 : 1024 11488 0 0 0 0 0 0 0 
_1.ptx 1596 : 814 5698 0 0 0 0 0 0 0 
_1.ptx 773 : 1024 11328 0 0 0 0 0 0 0 
_1.ptx 1182 : 2016 3090 0 0 0 0 0 0 34 
_1.ptx 1597 : 814 9632 0 0 0 0 0 0 0 
_1.ptx 774 : 1024 11552 0 0 0 0 0 0 0 
_1.ptx 1598 : 814 7360 0 0 0 0 0 0 0 
_1.ptx 775 : 1024 11264 0 0 0 0 0 0 0 
_1.ptx 1599 : 814 8172 0 0 0 0 0 0 0 
_1.ptx 776 : 1024 11296 0 0 0 0 0 0 0 
_1.ptx 1185 : 1501 10507 0 0 0 0 0 0 0 
_1.ptx 777 : 1024 11296 0 0 0 0 0 0 0 
_1.ptx 1186 : 1501 13509 0 0 0 0 0 0 0 
_1.ptx 1601 : 814 8174 0 0 0 0 0 0 0 
_1.ptx 778 : 1024 3072 0 0 0 0 0 0 0 
_1.ptx 1603 : 814 18411 0 0 0 0 0 0 0 
_1.ptx 780 : 1024 9472 0 0 0 0 0 0 0 
_1.ptx 1189 : 1501 8160 0 0 0 0 0 0 29 
_1.ptx 980 : 2016 22403 0 0 0 0 0 0 0 
_1.ptx 1389 : 910 5460 0 0 0 0 0 0 0 
_1.ptx 781 : 1024 9536 0 0 0 0 0 0 0 
_1.ptx 981 : 2016 22240 0 0 0 0 0 0 0 
_1.ptx 1605 : 814 9056 0 0 0 0 0 0 0 
_1.ptx 782 : 1024 9696 0 0 0 0 0 0 0 
_1.ptx 1606 : 814 8956 0 0 0 0 0 0 0 
_1.ptx 783 : 1024 8224 0 0 0 0 0 0 0 
_1.ptx 1192 : 141 1551 0 0 0 0 0 0 0 
_1.ptx 983 : 2016 22319 0 0 0 0 0 0 0 
_1.ptx 784 : 1024 7392 0 0 0 0 0 0 0 
_1.ptx 984 : 2016 18144 0 0 0 0 0 0 0 
_1.ptx 1393 : 2627 29165 0 0 0 0 0 0 0 
_1.ptx 1608 : 814 9217 0 0 0 0 0 0 0 
_1.ptx 785 : 1024 7232 0 0 0 0 0 0 0 
_1.ptx 1194 : 141 3193 0 0 0 0 0 0 0 
_1.ptx 1609 : 814 4884 0 0 0 0 0 0 0 
_1.ptx 786 : 1024 9216 0 0 0 0 0 0 0 
_1.ptx 1195 : 141 1006 0 0 0 0 0 0 0 
_1.ptx 986 : 2016 22336 0 0 0 0 0 0 0 
_1.ptx 1610 : 814 4884 0 0 0 0 0 0 0 
_1.ptx 787 : 1024 11296 0 0 0 0 0 0 0 
_1.ptx 1196 : 141 1269 0 0 0 0 0 0 0 
_1.ptx 788 : 1024 11328 0 0 0 0 0 0 0 
_1.ptx 1197 : 141 1551 0 0 0 0 0 0 0 
_1.ptx 988 : 2016 18786 0 0 0 0 0 0 0 
_1.ptx 1397 : 2627 23759 0 0 0 0 0 0 0 
_1.ptx 1612 : 814 7390 0 0 0 0 0 0 0 
_1.ptx 789 : 1024 11328 0 0 0 0 0 0 0 
_1.ptx 1198 : 141 846 0 0 0 0 0 0 0 
_1.ptx 1812 : 814 5711 0 0 0 0 0 0 0 
_1.ptx 989 : 2016 22952 0 0 0 0 0 0 0 
_1.ptx 1613 : 814 4884 0 0 0 0 0 0 0 
_1.ptx 790 : 1024 9568 0 0 0 0 0 0 0 
_1.ptx 990 : 2016 18147 0 0 0 0 0 0 0 
_1.ptx 791 : 1024 9696 0 0 0 0 0 0 0 
_1.ptx 1814 : 814 6513 0 0 0 0 0 0 0 
_1.ptx 991 : 2016 18392 0 0 0 0 0 0 0 
_1.ptx 1615 : 814 7328 0 0 0 0 0 0 0 
_1.ptx 792 : 1024 9344 0 0 0 0 0 0 0 
_1.ptx 1201 : 1875 11250 0 0 0 0 0 0 0 
_1.ptx 1816 : 814 8959 0 0 0 0 0 0 0 
_1.ptx 993 : 2016 14147 0 0 0 0 0 0 0 
_1.ptx 1617 : 814 8954 0 0 0 0 0 0 0 
_1.ptx 794 : 1024 11360 0 0 0 0 0 0 0 
_1.ptx 795 : 1024 9216 0 0 0 0 0 0 0 
_1.ptx 1818 : 814 4070 0 0 0 0 0 0 0 
_1.ptx 995 : 2016 22621 0 0 0 0 0 0 0 
_1.ptx 1619 : 814 9056 0 0 0 0 0 0 0 
_1.ptx 796 : 1024 9472 0 0 0 0 0 0 0 
_1.ptx 1205 : 2016 16325 0 0 0 0 0 0 0 
_1.ptx 1625 : 814 5732 0 0 0 0 0 0 0 
_1.ptx 802 : 1024 11328 0 0 0 0 0 0 0 
_1.ptx 1211 : 2016 14773 0 0 0 0 0 0 0 
_1.ptx 1004 : 1441 13001 0 0 0 0 0 0 0 
_1.ptx 805 : 1024 7168 0 0 0 0 0 0 0 
_1.ptx 1214 : 2016 6001 0 0 0 0 0 0 37 
_1.ptx 1829 : 997 11152 0 0 0 0 0 0 0 
_1.ptx 1006 : 1441 11555 0 0 0 0 0 0 0 
_1.ptx 807 : 1024 6144 0 0 0 0 0 0 0 
_1.ptx 1633 : 814 9049 0 0 0 0 0 0 0 
_1.ptx 810 : 1024 8192 0 0 0 0 0 0 0 
_1.ptx 1219 : 997 10206 0 0 0 0 0 0 0 
_1.ptx 818 : 1024 6144 0 0 0 0 0 0 0 
_1.ptx 1227 : 997 7017 0 0 0 0 0 0 0 
_1.ptx 1646 : 814 8954 0 0 0 0 0 0 0 
_1.ptx 823 : 1024 10496 0 0 0 0 0 0 0 
_1.ptx 1232 : 997 5944 0 0 0 0 0 0 0 
_1.ptx 1851 : 997 8114 0 0 0 0 0 0 0 
_1.ptx 1028 : 2016 6048 0 0 0 0 0 0 0 
_1.ptx 1437 : 3537 24849 0 0 0 0 0 0 0 
_1.ptx 829 : 1024 6400 0 0 0 0 0 0 0 
_1.ptx 1238 : 997 8979 0 0 0 0 0 0 0 
_1.ptx 1032 : 2016 14112 0 0 0 0 0 0 0 
_1.ptx 833 : 1024 275456 128 0 0 0 0 0 0 
_1.ptx 1242 : 997 11176 0 0 0 0 0 0 0 
_1.ptx 1107 : 79 474 0 0 0 0 0 0 0 
_1.ptx 1925 : 1024 3072 0 0 0 0 0 0 0 
_1.ptx 1117 : 2016 18304 0 0 0 0 0 0 0 
_1.ptx 1935 : 1024 11264 0 0 0 0 0 0 0 
_1.ptx 1119 : 2016 6048 0 0 0 0 0 0 0 
_1.ptx 1162 : 2016 22305 0 0 0 0 0 0 0 
_1.ptx 1165 : 2016 22368 0 0 0 0 0 0 0 
_1.ptx 1177 : 2016 22515 0 0 0 0 0 0 0 
_1.ptx 1188 : 1501 12140 0 0 0 0 0 0 0 
_1.ptx 1206 : 2016 14632 0 0 0 0 0 0 0 
_1.ptx 1208 : 2016 18297 0 0 0 0 0 0 0 
_1.ptx 1212 : 2016 14581 0 0 0 0 0 0 0 
_1.ptx 1215 : 1019 6114 0 0 0 0 0 0 0 
_1.ptx 1222 : 997 7460 0 0 0 0 0 0 0 
_1.ptx 1228 : 997 6874 0 0 0 0 0 0 0 
_1.ptx 1857 : 2016 20329 0 0 0 0 0 0 0 
_1.ptx 1231 : 997 6456 0 0 0 0 0 0 0 
_1.ptx 1859 : 2016 14144 0 0 0 0 0 0 0 
_1.ptx 1450 : 3537 25029 0 0 0 0 0 0 0 
_1.ptx 1234 : 997 11002 0 0 0 0 0 0 0 
_1.ptx 1236 : 997 8973 0 0 0 0 0 0 0 
_1.ptx 1860 : 2016 16169 0 0 0 0 0 0 0 
_1.ptx 1451 : 3537 21768 0 0 0 0 0 0 0 
_1.ptx 1861 : 2016 16288 0 0 0 0 0 0 0 
_1.ptx 1239 : 997 5994 0 0 0 0 0 0 0 
_1.ptx 1863 : 2016 5984 0 0 0 0 0 0 35 
_1.ptx 1865 : 1024 10240 0 0 0 0 0 0 0 
_1.ptx 1241 : 997 11102 0 0 0 0 0 0 0 
_1.ptx 1867 : 1024 7168 0 0 0 0 0 0 0 
_1.ptx 1868 : 1024 5172 0 0 0 0 0 0 16 
_1.ptx 1459 : 3537 35604 0 0 0 0 0 0 0 
_1.ptx 1253 : 997 11026 0 0 0 0 0 0 0 
_1.ptx 1254 : 997 11089 0 0 0 0 0 0 0 
_1.ptx 1256 : 997 11141 0 0 0 0 0 0 0 
_1.ptx 1258 : 997 8973 0 0 0 0 0 0 0 
_1.ptx 1262 : 997 11031 0 0 0 0 0 0 0 
_1.ptx 1264 : 997 11025 0 0 0 0 0 0 0 
_1.ptx 1267 : 997 1865 0 0 0 0 0 0 22 
_1.ptx 1273 : 698 7223 0 0 0 0 0 0 0 
_1.ptx 1280 : 299 3292 0 0 0 0 0 0 0 
_1.ptx 1901 : 1024 7264 0 0 0 0 0 0 0 
_1.ptx 1080 : 2016 22992 0 0 0 0 0 0 0 
_1.ptx 1903 : 1024 10304 0 0 0 0 0 0 0 
_1.ptx 1082 : 2016 18535 0 0 0 0 0 0 0 
_1.ptx 1905 : 1024 7168 0 0 0 0 0 0 0 
_1.ptx 1908 : 1024 10272 0 0 0 0 0 0 0 
_1.ptx 1910 : 1024 7200 0 0 0 0 0 0 0 
_1.ptx 1283 : 299 3294 0 0 0 0 0 0 0 
_1.ptx 1295 : 997 7166 0 0 0 0 0 0 0 
_1.ptx 1297 : 997 11007 0 0 0 0 0 0 0 
_1.ptx 1298 : 997 9030 0 0 0 0 0 0 0 
_1.ptx 1299 : 997 9011 0 0 0 0 0 0 0 
_1.ptx 1289 : 299 3289 0 0 0 0 0 0 0 
_1.ptx 1300 : 997 7153 0 0 0 0 0 0 0 
_1.ptx 1301 : 997 0 0 0 0 0 0 0 0 
_1.ptx 1303 : 997 7208 0 0 0 0 0 0 0 
_1.ptx 1304 : 997 6980 0 0 0 0 0 0 0 
_1.ptx 1094 : 1437 10059 0 0 0 0 0 0 0 
_1.ptx 1917 : 1024 7168 0 0 0 0 0 0 0 
_1.ptx 1095 : 1437 13009 0 0 0 0 0 0 0 
_1.ptx 1918 : 1024 10272 0 0 0 0 0 0 0 
_1.ptx 1097 : 1437 11631 0 0 0 0 0 0 0 
_1.ptx 1920 : 1024 7264 0 0 0 0 0 0 0 
_1.ptx 1305 : 997 7081 0 0 0 0 0 0 0 
_1.ptx 1306 : 997 6058 0 0 0 0 0 0 0 
_1.ptx 1318 : 997 7027 0 0 0 0 0 0 0 
_1.ptx 1319 : 997 7006 0 0 0 0 0 0 0 
_1.ptx 1320 : 997 7025 0 0 0 0 0 0 0 
_1.ptx 1321 : 997 11119 0 0 0 0 0 0 0 
_1.ptx 1322 : 997 11035 0 0 0 0 0 0 0 
_1.ptx 1324 : 997 10294 0 0 0 0 0 0 0 
_1.ptx 1325 : 997 10118 0 0 0 0 0 0 0 
_1.ptx 1326 : 997 10034 0 0 0 0 0 0 0 
_1.ptx 1327 : 997 9975 0 0 0 0 0 0 0 
_1.ptx 1328 : 997 8745 0 0 0 0 0 0 0 
_1.ptx 1330 : 997 11417 0 0 0 0 0 0 0 
_1.ptx 1331 : 997 9037 0 0 0 0 0 0 0 
_1.ptx 1332 : 997 8973 0 0 0 0 0 0 0 
_1.ptx 1333 : 997 6979 0 0 0 0 0 0 0 
_1.ptx 1334 : 997 526 0 0 0 0 0 0 22 
_1.ptx 1337 : 910 7416 0 0 0 0 0 0 0 
_1.ptx 1338 : 910 7505 0 0 0 0 0 0 0 
_1.ptx 1339 : 910 7475 0 0 0 0 0 0 0 
_1.ptx 1340 : 910 5875 0 0 0 0 0 0 0 
_1.ptx 1347 : 3537 14308 0 0 0 0 0 0 0 
_1.ptx 1349 : 3537 14358 0 0 0 0 0 0 0 
_1.ptx 1352 : 3537 39052 0 0 0 0 0 0 0 
_1.ptx 1354 : 3537 25170 0 0 0 0 0 0 0 
_1.ptx 1355 : 3537 15883 0 0 0 0 0 0 0 
_1.ptx 1358 : 910 20554 0 0 0 0 0 0 0 
_1.ptx 1360 : 910 9206 0 0 0 0 0 0 0 
_1.ptx 1361 : 910 9128 0 0 0 0 0 0 0 
_1.ptx 1363 : 910 10018 0 0 0 0 0 0 0 
_1.ptx 1364 : 910 8220 0 0 0 0 0 0 0 
_1.ptx 1365 : 910 8377 0 0 0 0 0 0 0 
_1.ptx 1367 : 910 6621 0 0 0 0 0 0 0 
_1.ptx 1369 : 910 6742 0 0 0 0 0 0 0 
_1.ptx 1370 : 910 0 0 0 0 0 0 0 0 
_1.ptx 1373 : 910 10046 0 0 0 0 0 0 0 
_1.ptx 1374 : 910 10010 0 0 0 0 0 0 0 
_1.ptx 1376 : 910 10042 0 0 0 0 0 0 0 
_1.ptx 1377 : 910 8315 0 0 0 0 0 0 0 
_1.ptx 1379 : 910 10163 0 0 0 0 0 0 0 
_1.ptx 1381 : 910 8190 0 0 0 0 0 0 0 
_1.ptx 1383 : 910 6370 0 0 0 0 0 0 0 
_1.ptx 1385 : 910 44878 0 0 0 0 0 0 0 
_1.ptx 1387 : 910 6370 0 0 0 0 0 0 0 
_1.ptx 1388 : 910 7308 0 0 0 0 0 0 0 
_1.ptx 1438 : 3537 20780 0 0 0 0 0 0 26 
_1.ptx 1457 : 3537 24981 0 0 0 0 0 0 0 
_1.ptx 1461 : 3537 24868 0 0 0 0 0 0 0 
_1.ptx 1462 : 3537 24921 0 0 0 0 0 0 0 
_1.ptx 1463 : 3537 28669 0 0 0 0 0 0 0 
_1.ptx 1465 : 3537 15918 0 0 0 0 0 0 23 
_1.ptx 1394 : 2627 29057 0 0 0 0 0 0 0 
_1.ptx 1396 : 2627 29202 0 0 0 0 0 0 0 
