
Setting up the problem...0.015242 s
    Input size = 1000000
    Number of bins = 4096
Allocating device variables...0.478175 s
Copying data from host to device...0.001127 s
Launching kernel...121503744
121503748
121503752
121503756
121503760
121503764
121503768
121503772
121503776
121503780
121503784
121503788
121503792
121503796
121503800
121503804
121503808
121503812
121503816
121503820
121503824
121503828
121503832
121503836
121503840
121503844
121503848
121503852
121503856
121503860
121503864
121503868
121503872
121503876
121503880
121503884
121503888
121503892
121503896
121503900
121503904
121503908
121503912
121503916
121503920
121503924
121503928
121503932
121503936
121503940
121503944
121503948
121503952
121503956
121503960
121503964
121503968
121503972
121503976
121503980
121503984
121503988
121503992
121503996
121504000
121504004
121504008
121504012
121504016
121504020
121504024
121504028
121504032
121504036
121504040
121504044
121504048
121504052
121504056
121504060
121504064
121504068
121504072
121504076
121504080
121504084
121504088
121504092
121504096
121504100
121504104
121504108
121504112
121504116
121504120
121504124
121504128
121504132
121504136
121504140
121504144
121504148
121504152
121504156
121504160
121504164
121504168
121504172
121504176
121504180
121504184
121504188
121504192
121504196
121504200
121504204
121504208
121504212
121504216
121504220
121504224
121504228
121504232
121504236
121504240
121504244
121504248
121504252
121504256
121504260
121504264
121504268
121504272
121504276
121504280
121504284
121504288
121504292
121504296
121504300
121504304
121504308
121504312
121504316
121504320
121504324
121504328
121504332
121504336
121504340
121504344
121504348
121504352
121504356
121504360
121504364
121504368
121504372
121504376
121504380
121504384
121504388
121504392
121504396
121504400
121504404
121504408
121504412
121504416
121504420
121504424
121504428
121504432
121504436
121504440
121504444
121504448
121504452
121504456
121504460
121504464
121504468
121504472
121504476
121504480
121504484
121504488
121504492
121504496
121504500
121504504
121504508
121504512
121504516
121504520
121504524
121504528
121504532
121504536
121504540
121504544
121504548
121504552
121504556
121504560
121504564
121504568
121504572
121504576
121504580
121504584
121504588
121504592
121504596
121504600
121504604
121504608
121504612
121504616
121504620
121504624
121504628
121504632
121504636
121504640
121504644
121504648
121504652
121504656
121504660
121504664
121504668
121504672
121504676
121504680
121504684
121504688
121504692
121504696
121504700
121504704
121504708
121504712
121504716
121504720
121504724
121504728
121504732
121504736
121504740
121504744
121504748
121504752
121504756
121504760
121504764
121504768
121504772
121504776
121504780
121504784
121504788
121504792
121504796
121504800
121504804
121504808
121504812
121504816
121504820
121504824
121504828
121504832
121504836
121504840
121504844
121504848
121504852
121504856
121504860
121504864
121504868
121504872
121504876
121504880
121504884
121504888
121504892
121504896
121504900
121504904
121504908
121504912
121504916
121504920
121504924
121504928
121504932
121504936
121504940
121504944
121504948
121504952
121504956
121504960
121504964
121504968
121504972
121504976
121504980
121504984
121504988
121504992
121504996
121505000
121505004
121505008
121505012
121505016
121505020
121505024
121505028
121505032
121505036
121505040
121505044
121505048
121505052
121505056
121505060
121505064
121505068
121505072
121505076
121505080
121505084
121505088
121505092
121505096
121505100
121505104
121505108
121505112
121505116
121505120
121505124
121505128
121505132
121505136
121505140
121505144
121505148
121505152
121505156
121505160
121505164
121505168
121505172
121505176
121505180
121505184
121505188
121505192
121505196
121505200
121505204
121505208
121505212
121505216
121505220
121505224
121505228
121505232
121505236
121505240
121505244
121505248
121505252
121505256
121505260
121505264
121505268
121505272
121505276
121505280
121505284
121505288
121505292
121505296
121505300
121505304
121505308
121505312
121505316
121505320
121505324
121505328
121505332
121505336
121505340
121505344
121505348
121505352
121505356
121505360
121505364
121505368
121505372
121505376
121505380
121505384
121505388
121505392
121505396
121505400
121505404
121505408
121505412
121505416
121505420
121505424
121505428
121505432
121505436
121505440
121505444
121505448
121505452
121505456
121505460
121505464
121505468
121505472
121505476
121505480
121505484
121505488
121505492
121505496
121505500
121505504
121505508
121505512
121505516
121505520
121505524
121505528
121505532
121505536
121505540
121505544
121505548
121505552
121505556
121505560
121505564
121505568
121505572
121505576
121505580
121505584
121505588
121505592
121505596
121505600
121505604
121505608
121505612
121505616
121505620
121505624
121505628
121505632
121505636
121505640
121505644
121505648
121505652
121505656
121505660
121505664
121505668
121505672
121505676
121505680
121505684
121505688
121505692
121505696
121505700
121505704
121505708
121505712
121505716
121505720
121505724
121505728
121505732
121505736
121505740
121505744
121505748
121505752
121505756
121505760
121505764
121505768
121505772
121505776
121505780
121505784
121505788
121505792
121505796
121505800
121505804
121505808
121505812
121505816
121505820
121505824
121505828
121505832
121505836
121505840
121505844
121505848
121505852
121505856
121505860
121505864
121505868
121505872
121505876
121505880
121505884
121505888
121505892
121505896
121505900
121505904
121505908
121505912
121505916
121505920
121505924
121505928
121505932
121505936
121505940
121505944
121505948
121505952
121505956
121505960
121505964
121505968
121505972
121505976
121505980
121505984
121505988
121505992
121505996
121506000
121506004
121506008
121506012
121506016
121506020
121506024
121506028
121506032
121506036
121506040
121506044
121506048
121506052
121506056
121506060
121506064
121506068
121506072
121506076
121506080
121506084
121506088
121506092
121506096
121506100
121506104
121506108
121506112
121506116
121506120
121506124
121506128
121506132
121506136
121506140
121506144
121506148
121506152
121506156
121506160
121506164
121506168
121506172
121506176
121506180
121506184
121506188
121506192
121506196
121506200
121506204
121506208
121506212
121506216
121506220
121506224
121506228
121506232
121506236
121506240
121506244
121506248
121506252
121506256
121506260
121506264
121506268
121506272
121506276
121506280
121506284
121506288
121506292
121506296
121506300
121506304
121506308
121506312
121506316
121506320
121506324
121506328
121506332
121506336
121506340
121506344
121506348
121506352
121506356
121506360
121506364
121506368
121506372
121506376
121506380
121506384
121506388
121506392
121506396
121506400
121506404
121506408
121506412
121506416
121506420
121506424
121506428
121506432
121506436
121506440
121506444
121506448
121506452
121506456
121506460
121506464
121506468
121506472
121506476
121506480
121506484
121506488
121506492
121506496
121506500
121506504
121506508
121506512
121506516
121506520
121506524
121506528
121506532
121506536
121506540
121506544
121506548
121506552
121506556
121506560
121506564
121506568
121506572
121506576
121506580
121506584
121506588
121506592
121506596
121506600
121506604
121506608
121506612
121506616
121506620
121506624
121506628
121506632
121506636
121506640
121506644
121506648
121506652
121506656
121506660
121506664
121506668
121506672
121506676
121506680
121506684
121506688
121506692
121506696
121506700
121506704
121506708
121506712
121506716
121506720
121506724
121506728
121506732
121506736
121506740
121506744
121506748
121506752
121506756
121506760
121506764
121506768
121506772
121506776
121506780
121506784
121506788
121506792
121506796
121506800
121506804
121506808
121506812
121506816
121506820
121506824
121506828
121506832
121506836
121506840
121506844
121506848
121506852
121506856
121506860
121506864
121506868
121506872
121506876
121506880
121506884
121506888
121506892
121506896
121506900
121506904
121506908
121506912
121506916
121506920
121506924
121506928
121506932
121506936
121506940
121506944
121506948
121506952
121506956
121506960
121506964
121506968
121506972
121506976
121506980
121506984
121506988
121506992
121506996
121507000
121507004
121507008
121507012
121507016
121507020
121507024
121507028
121507032
121507036
121507040
121507044
121507048
121507052
121507056
121507060
121507064
121507068
121507072
121507076
121507080
121507084
121507088
121507092
121507096
121507100
121507104
121507108
121507112
121507116
121507120
121507124
121507128
121507132
121507136
121507140
121507144
121507148
121507152
121507156
121507160
121507164
121507168
121507172
121507176
121507180
121507184
121507188
121507192
121507196
121507200
121507204
121507208
121507212
121507216
121507220
121507224
121507228
121507232
121507236
121507240
121507244
121507248
121507252
121507256
121507260
121507264
121507268
121507272
121507276
121507280
121507284
121507288
121507292
121507296
121507300
121507304
121507308
121507312
121507316
121507320
121507324
121507328
121507332
121507336
121507340
121507344
121507348
121507352
121507356
121507360
121507364
121507368
121507372
121507376
121507380
121507384
121507388
121507392
121507396
121507400
121507404
121507408
121507412
121507416
121507420
121507424
121507428
121507432
121507436
121507440
121507444
121507448
121507452
121507456
121507460
121507464
121507468
121507472
121507476
121507480
121507484
121507488
121507492
121507496
121507500
121507504
121507508
121507512
121507516
121507520
121507524
121507528
121507532
121507536
121507540
121507544
121507548
121507552
121507556
121507560
121507564
121507568
121507572
121507576
121507580
121507584
121507588
121507592
121507596
121507600
121507604
121507608
121507612
121507616
121507620
121507624
121507628
121507632
121507636
121507640
121507644
121507648
121507652
121507656
121507660
121507664
121507668
121507672
121507676
121507680
121507684
121507688
121507692
121507696
121507700
121507704
121507708
121507712
121507716
121507720
121507724
121507728
121507732
121507736
121507740
121507744
121507748
121507752
121507756
121507760
121507764
121507768
121507772
121507776
121507780
121507784
121507788
121507792
121507796
121507800
121507804
121507808
121507812
121507816
121507820
121507824
121507828
121507832
121507836
121507840
121507844
121507848
121507852
121507856
121507860
121507864
121507868
121507872
121507876
121507880
121507884
121507888
121507892
121507896
121507900
121507904
121507908
121507912
121507916
121507920
121507924
121507928
121507932
121507936
121507940
121507944
121507948
121507952
121507956
121507960
121507964
121507968
121507972
121507976
121507980
121507984
121507988
121507992
121507996
121508000
121508004
121508008
121508012
121508016
121508020
121508024
121508028
121508032
121508036
121508040
121508044
121508048
121508052
121508056
121508060
121508064
121508068
121508072
121508076
121508080
121508084
121508088
121508092
121508096
121508100
121508104
121508108
121508112
121508116
121508120
121508124
121508128
121508132
121508136
121508140
121508144
121508148
121508152
121508156
121508160
121508164
121508168
121508172
121508176
121508180
121508184
121508188
121508192
121508196
121508200
121508204
121508208
121508212
121508216
121508220
121508224
121508228
121508232
121508236
121508240
121508244
121508248
121508252
121508256
121508260
121508264
121508268
121508272
121508276
121508280
121508284
121508288
121508292
121508296
121508300
121508304
121508308
121508312
121508316
121508320
121508324
121508328
121508332
121508336
121508340
121508344
121508348
121508352
121508356
121508360
121508364
121508368
121508372
121508376
121508380
121508384
121508388
121508392
121508396
121508400
121508404
121508408
121508412
121508416
121508420
121508424
121508428
121508432
121508436
121508440
121508444
121508448
121508452
121508456
121508460
121508464
121508468
121508472
121508476
121508480
121508484
121508488
121508492
121508496
121508500
121508504
121508508
121508512
121508516
121508520
121508524
121508528
121508532
121508536
121508540
121508544
121508548
121508552
121508556
121508560
121508564
121508568
121508572
121508576
121508580
121508584
121508588
121508592
121508596
121508600
121508604
121508608
121508612
121508616
121508620
121508624
121508628
121508632
121508636
121508640
121508644
121508648
121508652
121508656
121508660
121508664
121508668
121508672
121508676
121508680
121508684
121508688
121508692
121508696
121508700
121508704
121508708
121508712
121508716
121508720
121508724
121508728
121508732
121508736
121508740
121508744
121508748
121508752
121508756
121508760
121508764
121508768
121508772
121508776
121508780
121508784
121508788
121508792
121508796
121508800
121508804
121508808
121508812
121508816
121508820
121508824
121508828
121508832
121508836
121508840
121508844
121508848
121508852
121508856
121508860
121508864
121508868
121508872
121508876
121508880
121508884
121508888
121508892
121508896
121508900
121508904
121508908
121508912
121508916
121508920
121508924
121508928
121508932
121508936
121508940
121508944
121508948
121508952
121508956
121508960
121508964
121508968
121508972
121508976
121508980
121508984
121508988
121508992
121508996
121509000
121509004
121509008
121509012
121509016
121509020
121509024
121509028
121509032
121509036
121509040
121509044
121509048
121509052
121509056
121509060
121509064
121509068
121509072
121509076
121509080
121509084
121509088
121509092
121509096
121509100
121509104
121509108
121509112
121509116
121509120
121509124
121509128
121509132
121509136
121509140
121509144
121509148
121509152
121509156
121509160
121509164
121509168
121509172
121509176
121509180
121509184
121509188
121509192
121509196
121509200
121509204
121509208
121509212
121509216
121509220
121509224
121509228
121509232
121509236
121509240
121509244
121509248
121509252
121509256
121509260
121509264
121509268
121509272
121509276
121509280
121509284
121509288
121509292
121509296
121509300
121509304
121509308
121509312
121509316
121509320
121509324
121509328
121509332
121509336
121509340
121509344
121509348
121509352
121509356
121509360
121509364
121509368
121509372
121509376
121509380
121509384
121509388
121509392
121509396
121509400
121509404
121509408
121509412
121509416
121509420
121509424
121509428
121509432
121509436
121509440
121509444
121509448
121509452
121509456
121509460
121509464
121509468
121509472
121509476
121509480
121509484
121509488
121509492
121509496
121509500
121509504
121509508
121509512
121509516
121509520
121509524
121509528
121509532
121509536
121509540
121509544
121509548
121509552
121509556
121509560
121509564
121509568
121509572
121509576
121509580
121509584
121509588
121509592
121509596
121509600
121509604
121509608
121509612
121509616
121509620
121509624
121509628
121509632
121509636
121509640
121509644
121509648
121509652
121509656
121509660
121509664
121509668
121509672
121509676
121509680
121509684
121509688
121509692
121509696
121509700
121509704
121509708
121509712
121509716
121509720
121509724
121509728
121509732
121509736
121509740
121509744
121509748
121509752
121509756
121509760
121509764
121509768
121509772
121509776
121509780
121509784
121509788
121509792
121509796
121509800
121509804
121509808
121509812
121509816
121509820
121509824
121509828
121509832
121509836
121509840
121509844
121509848
121509852
121509856
121509860
121509864
121509868
121509872
121509876
121509880
121509884
121509888
121509892
121509896
121509900
121509904
121509908
121509912
121509916
121509920
121509924
121509928
121509932
121509936
121509940
121509944
121509948
121509952
121509956
121509960
121509964
121509968
121509972
121509976
121509980
121509984
121509988
121509992
121509996
121510000
121510004
121510008
121510012
121510016
121510020
121510024
121510028
121510032
121510036
121510040
121510044
121510048
121510052
121510056
121510060
121510064
121510068
121510072
121510076
121510080
121510084
121510088
121510092
121510096
121510100
121510104
121510108
121510112
121510116
121510120
121510124
121510128
121510132
121510136
121510140
121510144
121510148
121510152
121510156
121510160
121510164
121510168
121510172
121510176
121510180
121510184
121510188
121510192
121510196
121510200
121510204
121510208
121510212
121510216
121510220
121510224
121510228
121510232
121510236
121510240
121510244
121510248
121510252
121510256
121510260
121510264
121510268
121510272
121510276
121510280
121510284
121510288
121510292
121510296
121510300
121510304
121510308
121510312
121510316
121510320
121510324
121510328
121510332
121510336
121510340
121510344
121510348
121510352
121510356
121510360
121510364
121510368
121510372
121510376
121510380
121510384
121510388
121510392
121510396
121510400
121510404
121510408
121510412
121510416
121510420
121510424
121510428
121510432
121510436
121510440
121510444
121510448
121510452
121510456
121510460
121510464
121510468
121510472
121510476
121510480
121510484
121510488
121510492
121510496
121510500
121510504
121510508
121510512
121510516
121510520
121510524
121510528
121510532
121510536
121510540
121510544
121510548
121510552
121510556
121510560
121510564
121510568
121510572
121510576
121510580
121510584
121510588
121510592
121510596
121510600
121510604
121510608
121510612
121510616
121510620
121510624
121510628
121510632
121510636
121510640
121510644
121510648
121510652
121510656
121510660
121510664
121510668
121510672
121510676
121510680
121510684
121510688
121510692
121510696
121510700
121510704
121510708
121510712
121510716
121510720
121510724
121510728
121510732
121510736
121510740
121510744
121510748
121510752
121510756
121510760
121510764
121510768
121510772
121510776
121510780
121510784
121510788
121510792
121510796
121510800
121510804
121510808
121510812
121510816
121510820
121510824
121510828
121510832
121510836
121510840
121510844
121510848
121510852
121510856
121510860
121510864
121510868
121510872
121510876
121510880
121510884
121510888
121510892
121510896
121510900
121510904
121510908
121510912
121510916
121510920
121510924
121510928
121510932
121510936
121510940
121510944
121510948
121510952
121510956
121510960
121510964
121510968
121510972
121510976
121510980
121510984
121510988
121510992
121510996
121511000
121511004
121511008
121511012
121511016
121511020
121511024
121511028
121511032
121511036
121511040
121511044
121511048
121511052
121511056
121511060
121511064
121511068
121511072
121511076
121511080
121511084
121511088
121511092
121511096
121511100
121511104
121511108
121511112
121511116
121511120
121511124
121511128
121511132
121511136
121511140
121511144
121511148
121511152
121511156
121511160
121511164
121511168
121511172
121511176
121511180
121511184
121511188
121511192
121511196
121511200
121511204
121511208
121511212
121511216
121511220
121511224
121511228
121511232
121511236
121511240
121511244
121511248
121511252
121511256
121511260
121511264
121511268
121511272
121511276
121511280
121511284
121511288
121511292
121511296
121511300
121511304
121511308
121511312
121511316
121511320
121511324
121511328
121511332
121511336
121511340
121511344
121511348
121511352
121511356
121511360
121511364
121511368
121511372
121511376
121511380
121511384
121511388
121511392
121511396
121511400
121511404
121511408
121511412
121511416
121511420
121511424
121511428
121511432
121511436
121511440
121511444
121511448
121511452
121511456
121511460
121511464
121511468
121511472
121511476
121511480
121511484
121511488
121511492
121511496
121511500
121511504
121511508
121511512
121511516
121511520
121511524
121511528
121511532
121511536
121511540
121511544
121511548
121511552
121511556
121511560
121511564
121511568
121511572
121511576
121511580
121511584
121511588
121511592
121511596
121511600
121511604
121511608
121511612
121511616
121511620
121511624
121511628
121511632
121511636
121511640
121511644
121511648
121511652
121511656
121511660
121511664
121511668
121511672
121511676
121511680
121511684
121511688
121511692
121511696
121511700
121511704
121511708
121511712
121511716
121511720
121511724
121511728
121511732
121511736
121511740
121511744
121511748
121511752
121511756
121511760
121511764
121511768
121511772
121511776
121511780
121511784
121511788
121511792
121511796
121511800
121511804
121511808
121511812
121511816
121511820
121511824
121511828
121511832
121511836
121511840
121511844
121511848
121511852
121511856
121511860
121511864
121511868
121511872
121511876
121511880
121511884
121511888
121511892
121511896
121511900
121511904
121511908
121511912
121511916
121511920
121511924
121511928
121511932
121511936
121511940
121511944
121511948
121511952
121511956
121511960
121511964
121511968
121511972
121511976
121511980
121511984
121511988
121511992
121511996
121512000
121512004
121512008
121512012
121512016
121512020
121512024
121512028
121512032
121512036
121512040
121512044
121512048
121512052
121512056
121512060
121512064
121512068
121512072
121512076
121512080
121512084
121512088
121512092
121512096
121512100
121512104
121512108
121512112
121512116
121512120
121512124
121512128
121512132
121512136
121512140
121512144
121512148
121512152
121512156
121512160
121512164
121512168
121512172
121512176
121512180
121512184
121512188
121512192
121512196
121512200
121512204
121512208
121512212
121512216
121512220
121512224
121512228
121512232
121512236
121512240
121512244
121512248
121512252
121512256
121512260
121512264
121512268
121512272
121512276
121512280
121512284
121512288
121512292
121512296
121512300
121512304
121512308
121512312
121512316
121512320
121512324
121512328
121512332
121512336
121512340
121512344
121512348
121512352
121512356
121512360
121512364
121512368
121512372
121512376
121512380
121512384
121512388
121512392
121512396
121512400
121512404
121512408
121512412
121512416
121512420
121512424
121512428
121512432
121512436
121512440
121512444
121512448
121512452
121512456
121512460
121512464
121512468
121512472
121512476
121512480
121512484
121512488
121512492
121512496
121512500
121512504
121512508
121512512
121512516
121512520
121512524
121512528
121512532
121512536
121512540
121512544
121512548
121512552
121512556
121512560
121512564
121512568
121512572
121512576
121512580
121512584
121512588
121512592
121512596
121512600
121512604
121512608
121512612
121512616
121512620
121512624
121512628
121512632
121512636
121512640
121512644
121512648
121512652
121512656
121512660
121512664
121512668
121512672
121512676
121512680
121512684
121512688
121512692
121512696
121512700
121512704
121512708
121512712
121512716
121512720
121512724
121512728
121512732
121512736
121512740
121512744
121512748
121512752
121512756
121512760
121512764
121512768
121512772
121512776
121512780
121512784
121512788
121512792
121512796
121512800
121512804
121512808
121512812
121512816
121512820
121512824
121512828
121512832
121512836
121512840
121512844
121512848
121512852
121512856
121512860
121512864
121512868
121512872
121512876
121512880
121512884
121512888
121512892
121512896
121512900
121512904
121512908
121512912
121512916
121512920
121512924
121512928
121512932
121512936
121512940
121512944
121512948
121512952
121512956
121512960
121512964
121512968
121512972
121512976
121512980
121512984
121512988
121512992
121512996
121513000
121513004
121513008
121513012
121513016
121513020
121513024
121513028
121513032
121513036
121513040
121513044
121513048
121513052
121513056
121513060
121513064
121513068
121513072
121513076
121513080
121513084
121513088
121513092
121513096
121513100
121513104
121513108
121513112
121513116
121513120
121513124
121513128
121513132
121513136
121513140
121513144
121513148
121513152
121513156
121513160
121513164
121513168
121513172
121513176
121513180
121513184
121513188
121513192
121513196
121513200
121513204
121513208
121513212
121513216
121513220
121513224
121513228
121513232
121513236
121513240
121513244
121513248
121513252
121513256
121513260
121513264
121513268
121513272
121513276
121513280
121513284
121513288
121513292
121513296
121513300
121513304
121513308
121513312
121513316
121513320
121513324
121513328
121513332
121513336
121513340
121513344
121513348
121513352
121513356
121513360
121513364
121513368
121513372
121513376
121513380
121513384
121513388
121513392
121513396
121513400
121513404
121513408
121513412
121513416
121513420
121513424
121513428
121513432
121513436
121513440
121513444
121513448
121513452
121513456
121513460
121513464
121513468
121513472
121513476
121513480
121513484
121513488
121513492
121513496
121513500
121513504
121513508
121513512
121513516
121513520
121513524
121513528
121513532
121513536
121513540
121513544
121513548
121513552
121513556
121513560
121513564
121513568
121513572
121513576
121513580
121513584
121513588
121513592
121513596
121513600
121513604
121513608
121513612
121513616
121513620
121513624
121513628
121513632
121513636
121513640
121513644
121513648
121513652
121513656
121513660
121513664
121513668
121513672
121513676
121513680
121513684
121513688
121513692
121513696
121513700
121513704
121513708
121513712
121513716
121513720
121513724
121513728
121513732
121513736
121513740
121513744
121513748
121513752
121513756
121513760
121513764
121513768
121513772
121513776
121513780
121513784
121513788
121513792
121513796
121513800
121513804
121513808
121513812
121513816
121513820
121513824
121513828
121513832
121513836
121513840
121513844
121513848
121513852
121513856
121513860
121513864
121513868
121513872
121513876
121513880
121513884
121513888
121513892
121513896
121513900
121513904
121513908
121513912
121513916
121513920
121513924
121513928
121513932
121513936
121513940
121513944
121513948
121513952
121513956
121513960
121513964
121513968
121513972
121513976
121513980
121513984
121513988
121513992
121513996
121514000
121514004
121514008
121514012
121514016
121514020
121514024
121514028
121514032
121514036
121514040
121514044
121514048
121514052
121514056
121514060
121514064
121514068
121514072
121514076
121514080
121514084
121514088
121514092
121514096
121514100
121514104
121514108
121514112
121514116
121514120
121514124
121514128
121514132
121514136
121514140
121514144
121514148
121514152
121514156
121514160
121514164
121514168
121514172
121514176
121514180
121514184
121514188
121514192
121514196
121514200
121514204
121514208
121514212
121514216
121514220
121514224
121514228
121514232
121514236
121514240
121514244
121514248
121514252
121514256
121514260
121514264
121514268
121514272
121514276
121514280
121514284
121514288
121514292
121514296
121514300
121514304
121514308
121514312
121514316
121514320
121514324
121514328
121514332
121514336
121514340
121514344
121514348
121514352
121514356
121514360
121514364
121514368
121514372
121514376
121514380
121514384
121514388
121514392
121514396
121514400
121514404
121514408
121514412
121514416
121514420
121514424
121514428
121514432
121514436
121514440
121514444
121514448
121514452
121514456
121514460
121514464
121514468
121514472
121514476
121514480
121514484
121514488
121514492
121514496
121514500
121514504
121514508
121514512
121514516
121514520
121514524
121514528
121514532
121514536
121514540
121514544
121514548
121514552
121514556
121514560
121514564
121514568
121514572
121514576
121514580
121514584
121514588
121514592
121514596
121514600
121514604
121514608
121514612
121514616
121514620
121514624
121514628
121514632
121514636
121514640
121514644
121514648
121514652
121514656
121514660
121514664
121514668
121514672
121514676
121514680
121514684
121514688
121514692
121514696
121514700
121514704
121514708
121514712
121514716
121514720
121514724
121514728
121514732
121514736
121514740
121514744
121514748
121514752
121514756
121514760
121514764
121514768
121514772
121514776
121514780
121514784
121514788
121514792
121514796
121514800
121514804
121514808
121514812
121514816
121514820
121514824
121514828
121514832
121514836
121514840
121514844
121514848
121514852
121514856
121514860
121514864
121514868
121514872
121514876
121514880
121514884
121514888
121514892
121514896
121514900
121514904
121514908
121514912
121514916
121514920
121514924
121514928
121514932
121514936
121514940
121514944
121514948
121514952
121514956
121514960
121514964
121514968
121514972
121514976
121514980
121514984
121514988
121514992
121514996
121515000
121515004
121515008
121515012
121515016
121515020
121515024
121515028
121515032
121515036
121515040
121515044
121515048
121515052
121515056
121515060
121515064
121515068
121515072
121515076
121515080
121515084
121515088
121515092
121515096
121515100
121515104
121515108
121515112
121515116
121515120
121515124
121515128
121515132
121515136
121515140
121515144
121515148
121515152
121515156
121515160
121515164
121515168
121515172
121515176
121515180
121515184
121515188
121515192
121515196
121515200
121515204
121515208
121515212
121515216
121515220
121515224
121515228
121515232
121515236
121515240
121515244
121515248
121515252
121515256
121515260
121515264
121515268
121515272
121515276
121515280
121515284
121515288
121515292
121515296
121515300
121515304
121515308
121515312
121515316
121515320
121515324
121515328
121515332
121515336
121515340
121515344
121515348
121515352
121515356
121515360
121515364
121515368
121515372
121515376
121515380
121515384
121515388
121515392
121515396
121515400
121515404
121515408
121515412
121515416
121515420
121515424
121515428
121515432
121515436
121515440
121515444
121515448
121515452
121515456
121515460
121515464
121515468
121515472
121515476
121515480
121515484
121515488
121515492
121515496
121515500
121515504
121515508
121515512
121515516
121515520
121515524
121515528
121515532
121515536
121515540
121515544
121515548
121515552
121515556
121515560
121515564
121515568
121515572
121515576
121515580
121515584
121515588
121515592
121515596
121515600
121515604
121515608
121515612
121515616
121515620
121515624
121515628
121515632
121515636
121515640
121515644
121515648
121515652
121515656
121515660
121515664
121515668
121515672
121515676
121515680
121515684
121515688
121515692
121515696
121515700
121515704
121515708
121515712
121515716
121515720
121515724
121515728
121515732
121515736
121515740
121515744
121515748
121515752
121515756
121515760
121515764
121515768
121515772
121515776
121515780
121515784
121515788
121515792
121515796
121515800
121515804
121515808
121515812
121515816
121515820
121515824
121515828
121515832
121515836
121515840
121515844
121515848
121515852
121515856
121515860
121515864
121515868
121515872
121515876
121515880
121515884
121515888
121515892
121515896
121515900
121515904
121515908
121515912
121515916
121515920
121515924
121515928
121515932
121515936
121515940
121515944
121515948
121515952
121515956
121515960
121515964
121515968
121515972
121515976
121515980
121515984
121515988
121515992
121515996
121516000
121516004
121516008
121516012
121516016
121516020
121516024
121516028
121516032
121516036
121516040
121516044
121516048
121516052
121516056
121516060
121516064
121516068
121516072
121516076
121516080
121516084
121516088
121516092
121516096
121516100
121516104
121516108
121516112
121516116
121516120
121516124
121516128
121516132
121516136
121516140
121516144
121516148
121516152
121516156
121516160
121516164
121516168
121516172
121516176
121516180
121516184
121516188
121516192
121516196
121516200
121516204
121516208
121516212
121516216
121516220
121516224
121516228
121516232
121516236
121516240
121516244
121516248
121516252
121516256
121516260
121516264
121516268
121516272
121516276
121516280
121516284
121516288
121516292
121516296
121516300
121516304
121516308
121516312
121516316
121516320
121516324
121516328
121516332
121516336
121516340
121516344
121516348
121516352
121516356
121516360
121516364
121516368
121516372
121516376
121516380
121516384
121516388
121516392
121516396
121516400
121516404
121516408
121516412
121516416
121516420
121516424
121516428
121516432
121516436
121516440
121516444
121516448
121516452
121516456
121516460
121516464
121516468
121516472
121516476
121516480
121516484
121516488
121516492
121516496
121516500
121516504
121516508
121516512
121516516
121516520
121516524
121516528
121516532
121516536
121516540
121516544
121516548
121516552
121516556
121516560
121516564
121516568
121516572
121516576
121516580
121516584
121516588
121516592
121516596
121516600
121516604
121516608
121516612
121516616
121516620
121516624
121516628
121516632
121516636
121516640
121516644
121516648
121516652
121516656
121516660
121516664
121516668
121516672
121516676
121516680
121516684
121516688
121516692
121516696
121516700
121516704
121516708
121516712
121516716
121516720
121516724
121516728
121516732
121516736
121516740
121516744
121516748
121516752
121516756
121516760
121516764
121516768
121516772
121516776
121516780
121516784
121516788
121516792
121516796
121516800
121516804
121516808
121516812
121516816
121516820
121516824
121516828
121516832
121516836
121516840
121516844
121516848
121516852
121516856
121516860
121516864
121516868
121516872
121516876
121516880
121516884
121516888
121516892
121516896
121516900
121516904
121516908
121516912
121516916
121516920
121516924
121516928
121516932
121516936
121516940
121516944
121516948
121516952
121516956
121516960
121516964
121516968
121516972
121516976
121516980
121516984
121516988
121516992
121516996
121517000
121517004
121517008
121517012
121517016
121517020
121517024
121517028
121517032
121517036
121517040
121517044
121517048
121517052
121517056
121517060
121517064
121517068
121517072
121517076
121517080
121517084
121517088
121517092
121517096
121517100
121517104
121517108
121517112
121517116
121517120
121517124
121517128
121517132
121517136
121517140
121517144
121517148
121517152
121517156
121517160
121517164
121517168
121517172
121517176
121517180
121517184
121517188
121517192
121517196
121517200
121517204
121517208
121517212
121517216
121517220
121517224
121517228
121517232
121517236
121517240
121517244
121517248
121517252
121517256
121517260
121517264
121517268
121517272
121517276
121517280
121517284
121517288
121517292
121517296
121517300
121517304
121517308
121517312
121517316
121517320
121517324
121517328
121517332
121517336
121517340
121517344
121517348
121517352
121517356
121517360
121517364
121517368
121517372
121517376
121517380
121517384
121517388
121517392
121517396
121517400
121517404
121517408
121517412
121517416
121517420
121517424
121517428
121517432
121517436
121517440
121517444
121517448
121517452
121517456
121517460
121517464
121517468
121517472
121517476
121517480
121517484
121517488
121517492
121517496
121517500
121517504
121517508
121517512
121517516
121517520
121517524
121517528
121517532
121517536
121517540
121517544
121517548
121517552
121517556
121517560
121517564
121517568
121517572
121517576
121517580
121517584
121517588
121517592
121517596
121517600
121517604
121517608
121517612
121517616
121517620
121517624
121517628
121517632
121517636
121517640
121517644
121517648
121517652
121517656
121517660
121517664
121517668
121517672
121517676
121517680
121517684
121517688
121517692
121517696
121517700
121517704
121517708
121517712
121517716
121517720
121517724
121517728
121517732
121517736
121517740
121517744
121517748
121517752
121517756
121517760
121517764
121517768
121517772
121517776
121517780
121517784
121517788
121517792
121517796
121517800
121517804
121517808
121517812
121517816
121517820
121517824
121517828
121517832
121517836
121517840
121517844
121517848
121517852
121517856
121517860
121517864
121517868
121517872
121517876
121517880
121517884
121517888
121517892
121517896
121517900
121517904
121517908
121517912
121517916
121517920
121517924
121517928
121517932
121517936
121517940
121517944
121517948
121517952
121517956
121517960
121517964
121517968
121517972
121517976
121517980
121517984
121517988
121517992
121517996
121518000
121518004
121518008
121518012
121518016
121518020
121518024
121518028
121518032
121518036
121518040
121518044
121518048
121518052
121518056
121518060
121518064
121518068
121518072
121518076
121518080
121518084
121518088
121518092
121518096
121518100
121518104
121518108
121518112
121518116
121518120
121518124
121518128
121518132
121518136
121518140
121518144
121518148
121518152
121518156
121518160
121518164
121518168
121518172
121518176
121518180
121518184
121518188
121518192
121518196
121518200
121518204
121518208
121518212
121518216
121518220
121518224
121518228
121518232
121518236
121518240
121518244
121518248
121518252
121518256
121518260
121518264
121518268
121518272
121518276
121518280
121518284
121518288
121518292
121518296
121518300
121518304
121518308
121518312
121518316
121518320
121518324
121518328
121518332
121518336
121518340
121518344
121518348
121518352
121518356
121518360
121518364
121518368
121518372
121518376
121518380
121518384
121518388
121518392
121518396
121518400
121518404
121518408
121518412
121518416
121518420
121518424
121518428
121518432
121518436
121518440
121518444
121518448
121518452
121518456
121518460
121518464
121518468
121518472
121518476
121518480
121518484
121518488
121518492
121518496
121518500
121518504
121518508
121518512
121518516
121518520
121518524
121518528
121518532
121518536
121518540
121518544
121518548
121518552
121518556
121518560
121518564
121518568
121518572
121518576
121518580
121518584
121518588
121518592
121518596
121518600
121518604
121518608
121518612
121518616
121518620
121518624
121518628
121518632
121518636
121518640
121518644
121518648
121518652
121518656
121518660
121518664
121518668
121518672
121518676
121518680
121518684
121518688
121518692
121518696
121518700
121518704
121518708
121518712
121518716
121518720
121518724
121518728
121518732
121518736
121518740
121518744
121518748
121518752
121518756
121518760
121518764
121518768
121518772
121518776
121518780
121518784
121518788
121518792
121518796
121518800
121518804
121518808
121518812
121518816
121518820
121518824
121518828
121518832
121518836
121518840
121518844
121518848
121518852
121518856
121518860
121518864
121518868
121518872
121518876
121518880
121518884
121518888
121518892
121518896
121518900
121518904
121518908
121518912
121518916
121518920
121518924
121518928
121518932
121518936
121518940
121518944
121518948
121518952
121518956
121518960
121518964
121518968
121518972
121518976
121518980
121518984
121518988
121518992
121518996
121519000
121519004
121519008
121519012
121519016
121519020
121519024
121519028
121519032
121519036
121519040
121519044
121519048
121519052
121519056
121519060
121519064
121519068
121519072
121519076
121519080
121519084
121519088
121519092
121519096
121519100
121519104
121519108
121519112
121519116
121519120
121519124
121519128
121519132
121519136
121519140
121519144
121519148
121519152
121519156
121519160
121519164
121519168
121519172
121519176
121519180
121519184
121519188
121519192
121519196
121519200
121519204
121519208
121519212
121519216
121519220
121519224
121519228
121519232
121519236
121519240
121519244
121519248
121519252
121519256
121519260
121519264
121519268
121519272
121519276
121519280
121519284
121519288
121519292
121519296
121519300
121519304
121519308
121519312
121519316
121519320
121519324
121519328
121519332
121519336
121519340
121519344
121519348
121519352
121519356
121519360
121519364
121519368
121519372
121519376
121519380
121519384
121519388
121519392
121519396
121519400
121519404
121519408
121519412
121519416
121519420
121519424
121519428
121519432
121519436
121519440
121519444
121519448
121519452
121519456
121519460
121519464
121519468
121519472
121519476
121519480
121519484
121519488
121519492
121519496
121519500
121519504
121519508
121519512
121519516
121519520
121519524
121519528
121519532
121519536
121519540
121519544
121519548
121519552
121519556
121519560
121519564
121519568
121519572
121519576
121519580
121519584
121519588
121519592
121519596
121519600
121519604
121519608
121519612
121519616
121519620
121519624
121519628
121519632
121519636
121519640
121519644
121519648
121519652
121519656
121519660
121519664
121519668
121519672
121519676
121519680
121519684
121519688
121519692
121519696
121519700
121519704
121519708
121519712
121519716
121519720
121519724
121519728
121519732
121519736
121519740
121519744
121519748
121519752
121519756
121519760
121519764
121519768
121519772
121519776
121519780
121519784
121519788
121519792
121519796
121519800
121519804
121519808
121519812
121519816
121519820
121519824
121519828
121519832
121519836
121519840
121519844
121519848
121519852
121519856
121519860
121519864
121519868
121519872
121519876
121519880
121519884
121519888
121519892
121519896
121519900
121519904
121519908
121519912
121519916
121519920
121519924
121519928
121519932
121519936
121519940
121519944
121519948
121519952
121519956
121519960
121519964
121519968
121519972
121519976
121519980
121519984
121519988
121519992
121519996
121520000
121520004
121520008
121520012
121520016
121520020
121520024
121520028
121520032
121520036
121520040
121520044
121520048
121520052
121520056
121520060
121520064
121520068
121520072
121520076
121520080
121520084
121520088
121520092
121520096
121520100
121520104
121520108
121520112
121520116
121520120
121520124
0.000457 s
Copying data from device to host...0.000044 s
Verifying results...TEST FAILED at bin 0, cpu = 256, gpu = 0

